winSize : 3
0.0 
0.1111111111111111 
0.2222222222222222 
0.3333333333333333 
0.4444444444444444 
0.5555555555555556 
0.6666666666666666 
0.7777777777777778 
0.8888888888888888 


winSize : 5
0.0 
0.04 
0.08 
0.12 
0.16 
0.2 
0.24 
0.28 
0.32 
0.36 
0.4 
0.44 
0.48 
0.52 
0.56 
0.6 
0.64 
0.68 
0.72 
0.76 
0.8 
0.84 
0.88 
0.92 
0.96 


winSize : 7
0.0 
0.02040816326530612 
0.04081632653061224 
0.061224489795918366 
0.08163265306122448 
0.10204081632653061 
0.12244897959183673 
0.14285714285714285 
0.16326530612244897 
0.1836734693877551 
0.20408163265306123 
0.22448979591836735 
0.24489795918367346 
0.2653061224489796 
0.2857142857142857 
0.30612244897959184 
0.32653061224489793 
0.3469387755102041 
0.3673469387755102 
0.3877551020408163 
0.40816326530612246 
0.42857142857142855 
0.4489795918367347 
0.46938775510204084 
0.4897959183673469 
0.5102040816326531 
0.5306122448979592 
0.5510204081632653 
0.5714285714285714 
0.5918367346938775 
0.6122448979591837 
0.6326530612244898 
0.6530612244897959 
0.673469387755102 
0.6938775510204082 
0.7142857142857143 
0.7346938775510204 
0.7551020408163265 
0.7755102040816326 
0.7959183673469388 
0.8163265306122449 
0.8367346938775511 
0.8571428571428571 
0.8775510204081632 
0.8979591836734694 
0.9183673469387755 
0.9387755102040817 
0.9591836734693877 
0.9795918367346939 


